0,2 1,0 0,8187 0,0000 1,0000 0,2000 0,2000 -0,0001 0,0000 1,0000 0,2000 0,2100
0,4 1,0 0,6703 0,0001 0,9999 0,4000 0,4000 -0,0001 0,0000 1,0000 0,4000 0,4197
0,6 1,0 0,5488 0,0004 0,9996 0,5998 0,5998 -0,0002 0,0000 1,0000 0,6000 0,6303
0,8 1,0 0,4494 0,0012 0,9988 0,7990 0,7990 -0,0002 0,0000 1,0000 0,8000 0,7096
1,0 1,0 0,3681 0,0031 0,9969 0,9969 0,9969 -0,0010 0,0000 1,0000 1,0000 1,0413
1,2 1,0 0,3016 0,0063 0,9937 1,1925 1,1925 -0,0000 0,0000 1,0000 1,2000 1,2433
1,4 1,0 0,2474 0,0111 0,9889 1,3845 1,3845 -0,0001 0,0000 1,0000 1,4000 1,4539
1,6 1,0 0,2031 0,0177 0,9823 1,5716 1,5716 -0,0001 0,0000 1,0000 1,6000 1,6577
1,8 1,0 0,1670 0,0263 0,9737 1,7527 1,7527 -0,0000 0,0000 1,0000 1,8000 1,8576
2,0 1,0 0,1376 0,0367 0,9633 1,9266 1,9266 -0,0001 0,0000 1,0000 2,0000 2,0600
2,2 1,0 0,1136 0,0488 0,9512 2,0926 2,0926 -0,0001 0,0000 1,0000 2,2000 2,2570
2,4 1,0 0,0941 0,0624 0,9376 2,2502 2,2502 -0,0000 0,0000 1,0000 2,4000 2,4792
2,6 1,0 0,0781 0,0773 0,9227 2,3989 2,3989 -0,0001 0,0000 1,0000 2,6000 2,6804
2,8 1,0 0,0650 0,0933 0,9067 2,5388 2,5388 -0,0001 0,0000 1,0000 2,8000 2,8406
3,0 1,0 0,0543 0,1101 0,8899 2,6698 2,6698 -0,0001 0,0000 1,0000 3,0000 3,0347
3,2 1,0 0,0456 0,1274 0,8726 2,7923 2,7923 -0,0002 0,0000 1,0000 3,2000 3,2595
3,4 1,0 0,0383 0,1452 0,8548 2,9065 2,9065 -0,0002 0,0000 1,0000 3,4000 3,4791
3,6 1,0 0,0324 0,1631 0,8369 3,0128 3,0128 -0,0004 0,0000 1,0000 3,6000 3,7003
3,8 1,0 0,0274 0,1811 0,8189 3,1117 3,1117 -0,0003 0,0000 1,0000 3,8000 3,9114
4,0 1,0 0,0233 0,1991 0,8009 3,2037 3,2037 -0,0001 0,0000 1,0000 4,0000 4,0289
4,2 1,0 0,0199 0,2168 0,7832 3,2892 3,2892 -0,0002 0,0000 1,0000 4,2000 4,1931
4,4 1,0 0,0171 0,2344 0,7656 3,3688 3,3688 -0,0001 0,0000 1,0000 4,4000 4,4884
4,6 1,0 0,0147 0,2516 0,7484 3,4427 3,4427 -0,0003 0,0000 1,0000 4,6000 4,6849
4,8 1,0 0,0126 0,2684 0,7316 3,5116 3,5116 -0,0006 0,0000 1,0000 4,8000 4,7757
5,0 1,0 0,0109 0,2849 0,7151 3,5757 3,5757 -0,0003 0,0000 1,0000 5,0000 5,1000
5,2 1,0 0,0095 0,3009 0,6991 3,6354 3,6354 -0,0002 0,0000 1,0000 5,2000 5,1299
5,4 1,0 0,0083 0,3164 0,6836 3,6912 3,6912 -0,0002 0,1600 0,8400 4,5360 4,5306
5,6 1,0 0,0072 0,3316 0,6684 3,7433 3,7433 -0,0010 0,1600 0,8400 4,7040 4,7288
5,8 1,0 0,0063 0,3462 0,6538 3,7920 3,7920 -0,0002 0,1600 0,8400 4,8720 4,7197
6,0 1,0 0,0056 0,3604 0,6396 3,8376 3,8376 -0,0003 0,1600 0,8400 5,0400 5,1444
6,2 1,0 0,0049 0,3741 0,6259 3,8803 3,8803 -0,0003 0,1600 0,8400 5,2080 5,1480
6,4 1,0 0,0043 0,3874 0,6126 3,9205 3,9205 -0,0003 0,2000 0,8000 5,1200 4,9356
6,6 1,0 0,0038 0,4003 0,5997 3,9581 3,9581 -0,0003 0,2400 0,7600 5,0160 5,1389
6,8 1,0 0,0034 0,4127 0,5873 3,9936 3,9936 -0,0002 0,2400 0,7600 5,1680 5,1389
7,0 1,0 0,0030 0,4247 0,5753 4,0270 4,0270 -0,0011 0,2400 0,7600 5,3200 5,1452
7,2 1,0 0,0027 0,4363 0,5637 4,0584 4,0584 -0,0002 0,2800 0,7200 5,1840 5,1306
7,4 1,0 0,0024 0,4475 0,5525 4,0881 4,0881 -0,0010 0,3600 0,6400 4,7360 4,7451
7,6 1,0 0,0022 0,4584 0,5416 4,1162 4,1162 -0,0001 0,3600 0,6400 4,8640 4,8063
7,8 1,0 0,0019 0,4689 0,5311 4,1428 4,1428 -0,0002 0,3600 0,6400 4,9920 4,7916
8,0 1,0 0,0018 0,4790 0,5210 4,1679 4,1679 -0,0003 0,3600 0,6400 5,1200 4,8130
8,2 1,0 0,0016 0,4888 0,5112 4,1918 4,1918 -0,0009 0,4000 0,6000 4,9200 4,9830
8,4 1,0 0,0014 0,4983 0,5017 4,2144 4,2144 -0,0004 0,4000 0,6000 5,0400 5,0276
8,6 1,0 0,0013 0,5075 0,4925 4,2359 4,2359 -0,0004 0,4000 0,6000 5,1600 5,0736
8,8 1,0 0,0012 0,5163 0,4837 4,2564 4,2564 -0,0002 0,4000 0,6000 5,2800 5,0605
9,0 1,0 0,0011 0,5249 0,4751 4,2758 4,2758 -0,0002 0,4000 0,6000 5,4000 5,0693
9,2 1,0 0,0010 0,5332 0,4668 4,2944 4,2944 -0,0003 0,4000 0,6000 5,5200 5,1266
9,4 1,0 0,0009 0,5413 0,4587 4,3121 4,3121 -0,0002 0,4000 0,6000 5,6400 5,7133
9,6 1,0 0,0008 0,5491 0,4509 4,3289 4,3289 -0,0004 0,4000 0,6000 5,7600 5,6374
9,8 1,0 0,0007 0,5566 0,4434 4,3451 4,3451 -0,0004 0,4000 0,6000 5,8800 5,7812
10,0 1,0 0,0007 0,5640 0,4360 4,3605 4,3605 -0,0005 0,4000 0,6000 6,0000 5,7937
0,2 1,0 0,8187 0,0000 1,0000 0,2000 0,2000 1,0000 0,0000 1,0000 0,2000 0,2025
0,7 1,0 0,4966 0,0007 0,9993 0,6995 0,6995 1,0000 0,0000 1,0000 0,7000 0,7322
1,2 1,0 0,3016 0,0063 0,9937 1,1925 1,1925 0,0000 0,0000 1,0000 1,2000 1,2449
1,7 1,0 0,1842 0,0218 0,9782 1,6630 1,6630 0,0000 0,0000 1,0000 1,7000 1,7563
2,2 1,0 0,1136 0,0488 0,9512 2,0926 2,0926 0,0000 0,0000 1,0000 2,2000 2,2487
2,7 1,0 0,0712 0,0852 0,9148 2,4700 2,4700 0,0000 0,0000 1,0000 2,7000 2,7793
3,2 1,0 0,0456 0,1274 0,8726 2,7923 2,7923 0,0000 0,0000 1,0000 3,2000 3,2236
3,7 1,0 0,0298 0,1721 0,8279 3,0632 3,0632 0,0000 0,0000 1,0000 3,7000 3,7041
4,2 1,0 0,0199 0,2168 0,7832 3,2892 3,2892 0,0000 0,0000 1,0000 4,2000 3,9526
4,7 1,0 0,0136 0,2601 0,7399 3,4777 3,4777 0,0000 0,0000 1,0000 4,7000 4,7600
5,2 1,0 0,0095 0,3009 0,6991 3,6354 3,6354 0,0000 0,0000 1,0000 5,2000 5,1252
5,7 1,0 0,0068 0,3389 0,6611 3,7680 3,7680 0,0000 0,1600 0,8400 4,7880 4,6745
6,2 1,0 0,0049 0,3741 0,6259 3,8803 3,8803 0,0000 0,1600 0,8400 5,2080 5,0983
6,7 1,0 0,0036 0,4065 0,5935 3,9761 3,9761 0,0000 0,2400 0,7600 5,0920 5,0712
7,2 1,0 0,0027 0,4363 0,5637 4,0584 4,0584 0,0000 0,2800 0,7200 5,1840 5,1261
7,7 1,0 0,0021 0,4637 0,5363 4,1297 4,1297 0,0000 0,3600 0,6400 4,9280 4,7666
8,2 1,0 0,0016 0,4888 0,5112 4,1918 4,1918 0,0000 0,3600 0,6400 5,2480 5,2820
8,7 1,0 0,0012 0,5119 0,4881 4,2463 4,2463 0,0000 0,4000 0,6000 5,2200 5,0004
9,2 1,0 0,0010 0,5332 0,4668 4,2944 4,2944 0,0000 0,4000 0,6000 5,5200 5,2734
9,7 1,0 0,0008 0,5529 0,4471 4,3371 4,3371 0,0000 0,4000 0,6000 5,8200 5,7218
0,1 1,0 0,9048 0,0000 1,0000 0,1000 0,1000 1,0000 0,0000 1,0000 0,1000 0,1051
0,2 1,0 0,8187 0,0000 1,0000 0,2000 0,2000 1,0000 0,0000 1,0000 0,2000 0,2042
0,3 1,0 0,7408 0,0000 1,0000 0,3000 0,3000 1,0000 0,0000 1,0000 0,3000 0,3151
0,4 1,0 0,6703 0,0001 0,9999 0,4000 0,4000 1,0000 0,0000 1,0000 0,4000 0,4193
0,5 1,0 0,6065 0,0002 0,9998 0,4999 0,4999 1,0000 0,0000 1,0000 0,5000 0,5222
0,6 1,0 0,5488 0,0004 0,9996 0,5998 0,5998 1,0000 0,0000 1,0000 0,6000 0,6266
0,7 1,0 0,4966 0,0007 0,9993 0,6995 0,6995 1,0000 0,0000 1,0000 0,7000 0,7297
0,8 1,0 0,4494 0,0012 0,9988 0,7990 0,7990 1,0000 0,0000 1,0000 0,8000 0,8343
0,9 1,0 0,4067 0,0020 0,9980 0,8982 0,8982 1,0000 0,0000 1,0000 0,9000 0,9381
1,0 1,0 0,3681 0,0031 0,9969 0,9969 0,9969 0,5425 0,0000 1,0000 1,0000 1,0419
1,1 1,0 0,3332 0,0045 0,9955 1,0951 1,0951 0,0000 0,0000 1,0000 1,1000 1,1448
1,2 1,0 0,3016 0,0063 0,9937 1,1925 1,1925 0,0000 0,0000 1,0000 1,2000 1,2472
1,3 1,0 0,2731 0,0085 0,9915 1,2890 1,2890 0,0000 0,0000 1,0000 1,3000 1,3501
1,4 1,0 0,2474 0,0111 0,9889 1,3845 1,3845 0,0000 0,0000 1,0000 1,4000 1,4597
1,5 1,0 0,2241 0,0142 0,9858 1,4787 1,4787 0,0000 0,0000 1,0000 1,5000 1,5612
1,6 1,0 0,2031 0,0177 0,9823 1,5716 1,5716 0,0000 0,0000 1,0000 1,6000 1,6534
1,7 1,0 0,1842 0,0218 0,9782 1,6630 1,6630 0,0000 0,0000 1,0000 1,7000 1,7727
1,8 1,0 0,1670 0,0263 0,9737 1,7527 1,7527 0,0000 0,0000 1,0000 1,8000 1,8796
1,9 1,0 0,1516 0,0313 0,9687 1,8406 1,8406 0,0000 0,0000 1,0000 1,9000 1,9612
2,0 1,0 0,1376 0,0367 0,9633 1,9266 1,9266 0,0000 0,0000 1,0000 2,0000 2,0494
2,1 1,0 0,1250 0,0425 0,9575 2,0107 2,0107 0,0000 0,0000 1,0000 2,1000 2,1754
2,2 1,0 0,1136 0,0488 0,9512 2,0926 2,0926 0,0000 0,0000 1,0000 2,2000 2,2533
2,3 1,0 0,1034 0,0554 0,9446 2,1725 2,1725 0,0000 0,0000 1,0000 2,3000 2,3645
2,4 1,0 0,0941 0,0624 0,9376 2,2502 2,2502 0,0000 0,0000 1,0000 2,4000 2,4903
2,5 1,0 0,0857 0,0697 0,9303 2,3257 2,3257 0,0000 0,0000 1,0000 2,5000 2,5808
2,6 1,0 0,0781 0,0773 0,9227 2,3989 2,3989 0,0000 0,0000 1,0000 2,6000 2,6894
2,7 1,0 0,0712 0,0852 0,9148 2,4700 2,4700 0,0000 0,0000 1,0000 2,7000 2,7675
2,8 1,0 0,0650 0,0933 0,9067 2,5388 2,5388 0,0000 0,0000 1,0000 2,8000 2,8199
2,9 1,0 0,0594 0,1016 0,8984 2,6054 2,6054 0,0000 0,0000 1,0000 2,9000 2,9428
3,0 1,0 0,0543 0,1101 0,8899 2,6698 2,6698 0,0000 0,0000 1,0000 3,0000 3,0764
3,1 1,0 0,0497 0,1187 0,8813 2,7321 2,7321 0,0000 0,0000 1,0000 3,1000 3,1633
3,2 1,0 0,0456 0,1274 0,8726 2,7923 2,7923 0,0000 0,0000 1,0000 3,2000 3,2248
3,3 1,0 0,0418 0,1362 0,8638 2,8504 2,8504 0,0000 0,0000 1,0000 3,3000 3,3765
3,4 1,0 0,0383 0,1452 0,8548 2,9065 2,9065 0,0000 0,0000 1,0000 3,4000 3,4549
3,5 1,0 0,0352 0,1541 0,8459 2,9606 2,9606 0,0000 0,0000 1,0000 3,5000 3,5523
3,6 1,0 0,0324 0,1631 0,8369 3,0128 3,0128 0,0000 0,0000 1,0000 3,6000 3,6959
3,7 1,0 0,0298 0,1721 0,8279 3,0632 3,0632 0,0000 0,0000 1,0000 3,7000 3,7245
3,8 1,0 0,0274 0,1811 0,8189 3,1117 3,1117 0,0000 0,0000 1,0000 3,8000 3,8703
3,9 1,0 0,0253 0,1901 0,8099 3,1586 3,1586 0,0000 0,0000 1,0000 3,9000 3,9426
4,0 1,0 0,0233 0,1991 0,8009 3,2037 3,2037 0,0000 0,0000 1,0000 4,0000 3,9780
4,1 1,0 0,0215 0,2080 0,7920 3,2473 3,2473 0,0000 0,0000 1,0000 4,1000 4,1985
4,2 1,0 0,0199 0,2168 0,7832 3,2892 3,2892 0,0000 0,0000 1,0000 4,2000 4,2148
4,3 1,0 0,0184 0,2256 0,7744 3,3297 3,3297 0,0000 0,0000 1,0000 4,3000 4,3189
4,4 1,0 0,0171 0,2344 0,7656 3,3688 3,3688 0,0000 0,0000 1,0000 4,4000 4,4952
4,5 1,0 0,0158 0,2430 0,7570 3,4064 3,4064 0,0000 0,0000 1,0000 4,5000 4,5126
4,6 1,0 0,0147 0,2516 0,7484 3,4427 3,4427 0,0000 0,0000 1,0000 4,6000 4,5660
4,7 1,0 0,0136 0,2601 0,7399 3,4777 3,4777 0,0000 0,0000 1,0000 4,7000 4,8206
4,8 1,0 0,0126 0,2684 0,7316 3,5116 3,5116 0,0000 0,0000 1,0000 4,8000 4,8231
4,9 1,0 0,0118 0,2767 0,7233 3,5442 3,5442 0,0000 0,0000 1,0000 4,9000 4,8484
5,0 1,0 0,0109 0,2849 0,7151 3,5757 3,5757 0,0000 0,0000 1,0000 5,0000 4,8586
5,1 1,0 0,0102 0,2929 0,7071 3,6061 3,6061 0,0000 0,0800 0,9200 4,6920 4,7094
5,2 1,0 0,0095 0,3009 0,6991 3,6354 3,6354 0,0000 0,1200 0,8800 4,5760 4,5892
5,3 1,0 0,0089 0,3087 0,6913 3,6638 3,6638 0,0000 0,1200 0,8800 4,6640 4,5790
5,4 1,0 0,0083 0,3164 0,6836 3,6912 3,6912 0,0000 0,1200 0,8800 4,7520 4,6377
5,5 1,0 0,0077 0,3241 0,6759 3,7177 3,7177 0,0000 0,1600 0,8400 4,6200 4,6598
5,6 1,0 0,0072 0,3316 0,6684 3,7433 3,7433 0,0000 0,1600 0,8400 4,7040 4,7408
5,7 1,0 0,0068 0,3389 0,6611 3,7680 3,7680 0,0000 0,1600 0,8400 4,7880 4,7336
5,8 1,0 0,0063 0,3462 0,6538 3,7920 3,7920 0,0000 0,1600 0,8400 4,8720 4,7366
5,9 1,0 0,0059 0,3534 0,6466 3,8152 3,8152 0,0000 0,1600 0,8400 4,9560 4,8542
6,0 1,0 0,0056 0,3604 0,6396 3,8376 3,8376 0,0000 0,1600 0,8400 5,0400 4,9897
6,1 1,0 0,0052 0,3673 0,6327 3,8593 3,8593 0,0000 0,1600 0,8400 5,1240 5,1534
6,2 1,0 0,0049 0,3741 0,6259 3,8803 3,8803 0,0000 0,1600 0,8400 5,2080 5,1658
6,3 1,0 0,0046 0,3808 0,6192 3,9007 3,9007 0,0000 0,1600 0,8400 5,2920 5,1495
6,4 1,0 0,0043 0,3874 0,6126 3,9205 3,9205 0,0000 0,2000 0,8000 5,1200 4,9387
6,5 1,0 0,0041 0,3939 0,6061 3,9396 3,9396 0,0000 0,2400 0,7600 4,9400 4,9998
6,6 1,0 0,0038 0,4003 0,5997 3,9581 3,9581 0,0000 0,2400 0,7600 5,0160 5,0641
6,7 1,0 0,0036 0,4065 0,5935 3,9761 3,9761 0,0000 0,2400 0,7600 5,0920 5,0672
6,8 1,0 0,0034 0,4127 0,5873 3,9936 3,9936 0,0000 0,2400 0,7600 5,1680 5,1114
6,9 1,0 0,0032 0,4188 0,5812 4,0105 4,0105 0,0000 0,2400 0,7600 5,2440 5,1414
7,0 1,0 0,0030 0,4247 0,5753 4,0270 4,0270 0,0000 0,2400 0,7600 5,3200 5,1551
7,1 1,0 0,0029 0,4306 0,5694 4,0429 4,0429 0,0000 0,2400 0,7600 5,3960 5,2095
7,2 1,0 0,0027 0,4363 0,5637 4,0584 4,0584 0,0000 0,2400 0,7600 5,4720 5,3707
7,3 1,0 0,0026 0,4420 0,5580 4,0735 4,0735 0,0000 0,3600 0,6400 4,6720 4,7869
7,4 1,0 0,0024 0,4475 0,5525 4,0881 4,0881 0,0000 0,3600 0,6400 4,7360 4,7909
7,5 1,0 0,0023 0,4530 0,5470 4,1024 4,1024 0,0000 0,3600 0,6400 4,8000 4,8170
7,6 1,0 0,0022 0,4584 0,5416 4,1162 4,1162 0,0000 0,3600 0,6400 4,8640 4,8130
7,7 1,0 0,0021 0,4637 0,5363 4,1297 4,1297 0,0000 0,3600 0,6400 4,9280 4,8157
7,8 1,0 0,0019 0,4689 0,5311 4,1428 4,1428 0,0000 0,3600 0,6400 4,9920 4,8124
7,9 1,0 0,0018 0,4740 0,5260 4,1555 4,1555 0,0000 0,3600 0,6400 5,0560 4,8117
8,0 1,0 0,0018 0,4790 0,5210 4,1679 4,1679 0,0000 0,3600 0,6400 5,1200 4,7975
8,1 1,0 0,0017 0,4839 0,5161 4,1800 4,1800 0,0000 0,3600 0,6400 5,1840 4,9961
8,2 1,0 0,0016 0,4888 0,5112 4,1918 4,1918 0,0000 0,3600 0,6400 5,2480 5,3327
8,3 1,0 0,0015 0,4936 0,5064 4,2032 4,2032 0,0000 0,3600 0,6400 5,3120 5,3338
8,4 1,0 0,0014 0,4983 0,5017 4,2144 4,2144 0,0000 0,4000 0,6000 5,0400 5,0762
8,5 1,0 0,0014 0,5029 0,4971 4,2253 4,2253 0,0000 0,4000 0,6000 5,1000 5,0743
8,6 1,0 0,0013 0,5075 0,4925 4,2359 4,2359 0,0000 0,4000 0,6000 5,1600 5,0730
8,7 1,0 0,0012 0,5119 0,4881 4,2463 4,2463 0,0000 0,4000 0,6000 5,2200 5,0778
8,8 1,0 0,0012 0,5163 0,4837 4,2564 4,2564 0,0000 0,4000 0,6000 5,2800 5,0744
8,9 1,0 0,0011 0,5206 0,4794 4,2662 4,2662 0,0000 0,4000 0,6000 5,3400 5,0714
9,0 1,0 0,0011 0,5249 0,4751 4,2758 4,2758 0,0000 0,4000 0,6000 5,4000 5,0518
9,1 1,0 0,0010 0,5291 0,4709 4,2852 4,2852 0,0000 0,4000 0,6000 5,4600 5,1674
9,2 1,0 0,0010 0,5332 0,4668 4,2944 4,2944 0,0000 0,4000 0,6000 5,5200 5,2398
9,3 1,0 0,0009 0,5373 0,4627 4,3033 4,3033 0,0000 0,4000 0,6000 5,5800 5,5429
9,4 1,0 0,0009 0,5413 0,4587 4,3121 4,3121 0,0000 0,4000 0,6000 5,6400 5,6280
9,5 1,0 0,0008 0,5452 0,4548 4,3206 4,3206 0,0000 0,4000 0,6000 5,7000 5,7685
9,6 1,0 0,0008 0,5491 0,4509 4,3289 4,3289 0,0000 0,4000 0,6000 5,7600 5,8026
9,7 1,0 0,0008 0,5529 0,4471 4,3371 4,3371 0,0000 0,4000 0,6000 5,8200 5,7659
9,8 1,0 0,0007 0,5566 0,4434 4,3451 4,3451 0,0000 0,4000 0,6000 5,8800 5,7584
9,9 1,0 0,0007 0,5603 0,4397 4,3529 4,3529 0,0000 0,4000 0,6000 5,9400 5,8082
10,0 1,0 0,0007 0,5640 0,4360 4,3605 4,3605 0,0000 0,4000 0,6000 6,0000 5,7723
